
=== Common test fields: 107 fields, 3055 reference cells ===

metric                                     A_s42             A_s1337             A_s2024               G_s42  classical_off_axis     classical_gabor              A_mean                A_sd
phase_n_images                               107                 107                 107                 107                 107                 107            107.0000              0.0000
cells_reference                             3055                3055                3055                3055                3055                3055           3055.0000              0.0000
phase_mae_rad                             0.1586              0.1562              0.1610              0.1625              0.1990              0.3996              0.1586              0.0024
phase_mae_rad_in_cell                     0.2737              0.2665              0.2777              0.3005              0.3157              1.0448              0.2726              0.0057
phase_pearson_r                           0.8761              0.8755              0.8719              0.8667              0.7849             -0.2075              0.8745              0.0023
phase_ssim                                0.6381              0.6429              0.6322              0.6296              0.5297              0.0639              0.6377              0.0053
seg_dice                                  0.8346              0.8322              0.8324              0.8148              0.8240              0.1583              0.8330              0.0013
seg_aji                                   0.6730              0.6690              0.6669              0.6399              0.6355              0.0549              0.6697              0.0031
seg_boundary_f1                           0.4747              0.4722              0.4648              0.4165              0.3943              0.1087              0.4706              0.0052
detection_recall                          0.5967              0.5935              0.5905              0.5885              0.5849              0.0347              0.5936              0.0031
detection_precision                       0.8623              0.8343              0.8493              0.8406              0.7883              0.0077              0.8487              0.0140
detection_f1                              0.7054              0.6936              0.6967              0.6923              0.6716              0.0125              0.6985              0.0061
area_mape                                 0.1542              0.1535              0.1580              0.1669              0.1576              0.5315              0.1552              0.0025
dry_mass_mape                             0.1745              0.1692              0.1783              0.2129              0.2204              0.6942              0.1740              0.0045
dry_mass_field_total_mape                 0.1732              0.1489              0.1749              0.1356              0.1101              0.6602              0.1657              0.0145

Written to runs/common_fields/common_fields_summary.csv
